 0  0  0  0  0  0  0  0  0  0  0  0  0  0  0  0  0  0  0  0  0 
 0  0  0  0  0  0  0  0  0  0  0  0  0  0  0  0  0  0  0  0  0 
 0  0  0  0  0  0  0  0  0  0  0  0  0  0  0  0  0  0  0  0  0 
 0  0  0  0  0  0  0  0  0  0  0  0  0  0  0  0  0  0  0  0  0 
 0  0  0  0  0  0  0  0  0  0  0  0  0  0  0  0  0  0  0  0  0 
 0  0  0  0  0  0  0  0  0  0  0  0  0  0  0  0  0  0  0  0  0 
 0  0  0  0  0  0  0  0  0  0  0  0  0  0  0  0  0  0  0  0  0 
 0  0  0  0  0  0  0  0  0  0  0  0  0  0  0  0  0  0  0  0  0 
 0  0  0  0  0  0  0  0  0  0  0  0  0  0  0  0  0  0  0  0  0 
 0  0  0  0  0  0  0  0  1  1  1  0  0  0  0  0  0  0  0  0  0 
 0  0  0  0  0  0  0  0  1  1  1  0  0  0  0  0  0  0  0  0  0 
 0  0  0  0  0  0  0  0  0  0  0  0  0  0  0  0  0  0  0  0  0 
 *  *  *  *  *  *  *  *  *  *  *  *  *  *  *  *  *  *  *  *  * 
 *  *  *  *  *  *  *  *  *  *  *  *  *  *  *  *  *  *  *  *  * 
 0  0  0  0  0  0  0  0  0  0  0  0  0  0  0  0  0  0  0  0  0 
 *  *  *  *  *  *  *  *  *  *  *  *  *  *  *  *  *  *  *  *  * 
 *  *  *  *  *  *  *  *  *  *  *  *  *  *  *  *  *  *  *  *  * 
 0  0  0  0  0  0  0  0  0  0  0  0  0  0  0  0  0  0  0  0  0 
 0  0  0  0  0  0  0  0 12 12 12  0  0  0  0  0  0  0  0  0  0 
 0  0  0  0  0  0  0  0 12 12 12  0  0  0  0  0  0  0  0  0  0 
 0  0  0  0  0  0  0  0  0  0  0  0  0  0  0  0  0  0  0  0  0 
 0  0  0  0  0  0  0  0  7  7  7  0  0  0  0  0  0  0  0  0  0 
 0  0  0  0  0  0  0  0  7  7  7  0  0  0  0  0  0  0  0  0  0 
